%YAML:1.0

# 数据输出目录
output_path: "output"

image_width: 752
image_height: 480

# 相机内参
intrinsics:
  fx: 435.2046959714599
  fy: 435.2046959714599
  cx: 367.4517211914062
  cy: 252.2008514404297
distortion_parameters:
  k1: 0
  k2: 0
  p1: 0
  p2: 0

# cam0到imu的变换
T_body_cam0: !!opencv-matrix
  rows: 4
  cols: 4
  dt: d
  data: [0.0148655429818, -0.999880929698, 0.00414029679422, -0.0216401454975,
        0.999557249008, 0.0149672133247, 0.025715529948,  -0.064676986768,
        -0.0257744366974, 0.00375618835797, 0.999660727178, 0.00981073058949,
        0, 0, 0, 1]
