%YAML:1.0

# rgbd数据集路径
dataset: "/home/lutao/data/rgbd_dataset_freiburg1_xyz"

# 数据输出目录
output_path: "output"

image_width: 640
image_height: 480

# 相机内参
intrinsics:
  fx: 517.3
  fy: 516.5
  cx: 318.6
  cy: 255.3
distortion_parameters:
  d0: 0.2624
  d1: -0.9531
  d2: -0.0054
  d3: 0.0026
  d4: 1.1633
depth:
  ds: 1.035

# cam0到imu的变换
T_body_cam0: !!opencv-matrix
  rows: 4
  cols: 4
  dt: d
  data: [0.0148655429818, -0.999880929698, 0.00414029679422, -0.0216401454975,
        0.999557249008, 0.0149672133247, 0.025715529948,  -0.064676986768,
        -0.0257744366974, 0.00375618835797, 0.999660727178, 0.00981073058949,
        0, 0, 0, 1]
